Radar center coordinate *20:
347	128
307	1257
599	760
521	1332
503	1120
246	720
365	763
740	420
884	638
505	987
1213 243
255	848
1085 244
1004 448
807	1050
1013 1280
190	221
969	173
1281 440
1135 1021

Targets inside radars 20*20:
#0
problem:
-6   17
34   26
-16   -4
14   15
27   -7
-29   -16
-29   31
20   30
24   -1
26   10
28   -33
-34   35
-18   -10
25   -27
13   -1
30   32
-8   35
-8   -33
26   -20
16   -27
0   0
bestLength: 269.70147487638553
solution:
-34.83928421316245 35.863969042961344
-34 35
-29 31
-8 35
-6 17
-16 -4
-18 -10
-29 -16
-8 -33
16 -27
28 -33
25 -27
26 -20
27 -7
24 -1
13 -1
26 10
14 15
20 30
30 32
34 26
39.71789164885981 30.372505378539856
#1
problem:
28   -5
14   18
-19   -34
33   1
18   7
5   -28
34   -20
5   22
8   -18
-19   -24
12   23
-28   26
3   23
-13   -4
-21   20
24   -32
-9   17
34   -6
-19   3
-10   0
0   0
bestLength: 245.94115011896196
solution:
-24.391067883247096 -43.647174106863226
-19 -34
-19 -24
5 -28
8 -18
24 -32
34 -20
34 -6
28 -5
33 1
18 7
14 18
12 23
5 22
3 23
-9 17
-10 0
-13 -4
-19 3
-21 20
-28 26
-36.639674581314964 34.02255496836389
#2
problem:
27   23
-29   25
-31   16
-22   -1
-15   32
2   -13
-35   -13
11   20
-30   -18
24   -12
-23   18
-9   13
28   -30
-15   31
8   -34
4   -34
32   -6
-35   -1
21   -32
1   -10
0   0
bestLength: 276.84045098192
solution:
34.11591251800055 -36.55276341214345
28 -30
21 -32
8 -34
4 -34
2 -13
1 -10
24 -12
32 -6
27 23
11 20
-9 13
-15 31
-15 32
-29 25
-31 16
-23 18
-22 -1
-35 -1
-35 -13
-30 -18
-42.874646285627215 -25.724787771376327
#3
problem:
-31   -14
-15   -8
-26   18
19   -15
20   29
13   32
-1   -11
-5   23
17   -16
-16   17
-5   -27
35   26
23   20
-1   10
-26   -27
24   -10
-33   -3
-6   -29
-4   17
1   -23
0   0
bestLength: 255.92160484782025
solution:
40.13719239772264 29.81620006687968
35 26
23 20
20 29
13 32
-5 23
-4 17
-1 10
-16 17
-26 18
-33 -3
-31 -14
-15 -8
-1 -11
24 -10
19 -15
17 -16
1 -23
-5 -27
-6 -29
-26 -27
-34.682084353293526 -36.01601067457405
#4
problem:
17   -18
5   1
9   -18
-6   -22
17   10
-30   -6
-9   26
-25   -29
-24   -17
-23   -19
-24   31
-6   31
11   11
26   -19
-15   -18
13   -1
-13   -33
12   9
35   -9
35   -24
0   0
bestLength: 254.2067886145139
solution:
-30.60865964957084 39.53618538069567
-24 31
-9 26
-6 31
11 11
12 9
17 10
13 -1
5 1
-15 -18
-23 -19
-24 -17
-30 -6
-25 -29
-13 -33
-6 -22
9 -18
17 -18
26 -19
35 -9
35 -24
41.23644259229889 -28.276417777576384
#5
problem:
-1   33
1   3
-5   -2
-24   0
25   -26
9   -21
27   5
-3   -24
1   -12
17   -24
-12   -11
27   27
-20   26
2   26
-17   8
2   -22
-14   12
29   20
34   -8
34   17
0   0
bestLength: 243.55787431834568
solution:
35.35533905932737 35.35533905932737
27 27
29 20
34 17
27 5
34 -8
25 -26
17 -24
9 -21
2 -22
-3 -24
1 -12
1 3
-5 -2
-12 -11
-24 0
-17 8
-14 12
-20 26
2 26
-1 33
-1.5144563320384568 49.97705895726907
#6
problem:
-6   -5
15   -30
13   28
-14   23
20   35
35   -10
2   22
12   14
27   33
24   -17
-11   16
-3   15
-3   8
16   27
11   32
-13   3
-22   34
13   -12
4   35
2   4
0   0
bestLength: 239.38408123323865
solution:
-27.162563907863714 41.97850785760756
-22 34
-14 23
-11 16
-3 15
2 22
4 35
11 32
13 28
16 27
20 35
27 33
12 14
2 4
-3 8
-13 3
-6 -5
13 -12
15 -30
24 -17
35 -10
48.07619738204116 -13.736056394868902
#7
problem:
24   -23
14   -24
-11   16
20   1
-3   -23
-20   2
-27   0
25   -15
-15   32
34   -33
-5   1
-15   24
32   -2
6   10
14   32
-24   0
-8   -4
-11   17
-30   -1
-34   -6
0   0
bestLength: 254.74562624557532
solution:
-49.239177940896845 -8.689266695452384
-34 -6
-30 -1
-27 0
-24 0
-20 2
-11 17
-11 16
-15 24
-15 32
14 32
6 10
-5 1
-8 -4
-3 -23
14 -24
20 1
32 -2
25 -15
24 -23
34 -33
35.879034581415816 -34.823768858433
#8
problem:
-6   -12
-12   15
-25   14
17   14
3   -3
16   20
-2   -15
-6   0
-30   16
-16   -9
26   -32
-28   -4
31   27
8   -29
1   -20
29   -4
-33   33
35   30
20   -31
-1   10
0   0
bestLength: 241.8020769788567
solution:
37.962830118264826 32.539568672798424
35 30
31 27
16 20
17 14
29 -4
26 -32
20 -31
8 -29
1 -20
-2 -15
-6 -12
-16 -9
-28 -4
-6 0
3 -3
-1 10
-12 15
-25 14
-30 16
-33 33
-35.35533905932738 35.35533905932738
#9
problem:
-10   -9
-5   19
18   27
10   -19
11   -27
-15   -25
-5   -26
-27   28
-23   5
33   -21
25   -20
-12   31
-4   -23
28   -14
-4   -4
17   -11
-21   3
-8   6
32   -9
10   -35
0   0
bestLength: 251.54711347061323
solution:
42.18307438660538 -26.843774609657967
33 -21
25 -20
28 -14
32 -9
17 -11
10 -19
11 -27
10 -35
-4 -23
-5 -26
-15 -25
-10 -9
-4 -4
-8 6
-21 3
-23 5
-27 28
-12 31
-5 19
18 27
27.735009811261456 41.60251471689218
#10
problem:
35   -8
-35   -29
4   2
-7   -24
30   29
-6   -22
13   -32
-21   22
18   -3
-32   -13
-17   22
-16   -26
-30   -2
17   -9
22   -26
-30   33
26   -25
-28   -14
34   6
-9   25
0   0
bestLength: 284.47731965977215
solution:
-33.633639699815625 36.99700366979719
-30 33
-21 22
-17 22
-9 25
-30 -2
-32 -13
-28 -14
-35 -29
-16 -26
-6 -22
-7 -24
13 -32
22 -26
26 -25
17 -9
18 -3
4 2
35 -8
34 6
30 29
35.9494188024556 34.75110484237374
#11
problem:
-10   2
-29   25
8   0
27   16
-17   -1
-10   19
34   9
-6   -1
6   -4
14   31
-1   -32
-8   1
-16   -12
-34   9
6   30
2   27
-6   -6
19   11
19   23
10   15
0   0
bestLength: 237.42700615719912
solution:
-48.3352613930756 12.794628015814128
-34 9
-29 25
-10 19
2 27
6 30
14 31
19 23
27 16
34 9
19 11
10 15
8 0
6 -4
-6 -6
-6 -1
-8 1
-10 2
-17 -1
-16 -12
-1 -32
-1.5617376188860608 -49.975603804353945
#12
problem:
-8   -35
-10   29
30   12
23   26
-22   -21
27   -20
0   -27
2   28
-23   -4
9   -3
24   34
-12   -4
-13   30
-2   20
-14   26
20   30
22   -15
11   -16
24   -12
20   16
0   0
bestLength: 260.2530240823287
solution:
28.834159879932763 40.84839316323808
24 34
20 30
23 26
30 12
20 16
-2 20
2 28
-10 29
-13 30
-14 26
-12 -4
-23 -4
-22 -21
-8 -35
0 -27
11 -16
9 -3
22 -15
24 -12
27 -20
40.177859667237286 -29.76137753128688
#13
problem:
24   -28
2   12
-18   10
17   -16
23   3
-21   3
-34   -11
27   -27
-25   -26
-7   17
1   -15
35   -28
5   -30
11   -2
10   1
-20   -28
11   -33
20   15
28   26
14   10
0   0
bestLength: 242.55350079134422
solution:
36.639674581314964 34.02255496836389
28 26
20 15
14 10
23 3
11 -2
10 1
2 12
-7 17
-18 10
-21 3
-34 -11
-25 -26
-20 -28
1 -15
5 -30
11 -33
17 -16
24 -28
27 -27
35 -28
39.04344047215152 -31.234752377721215
#14
problem:
-23   -34
-16   0
24   -9
-35   21
7   15
-4   -22
4   12
-1   33
-30   -5
6   28
-3   -26
-9   9
21   4
-2   -23
-24   -4
-34   8
5   -12
10   25
10   31
-31   25
0   0
bestLength: 229.19361626444754
solution:
-28.015468385210514 -41.414170656398156
-23 -34
-3 -26
-2 -23
-4 -22
5 -12
24 -9
21 4
4 12
7 15
10 25
10 31
6 28
-1 33
-9 9
-16 0
-24 -4
-30 -5
-34 8
-35 21
-31 25
-38.92065197376647 31.38762255948909
#15
problem:
-33   -33
-11   16
-33   23
3   -17
-35   -13
-3   -14
-4   -4
-5   2
-4   0
-1   34
28   3
5   7
-8   -29
-18   -27
-12   25
18   29
-1   32
21   -5
-18   -35
-18   19
0   0
bestLength: 250.71180313380466
solution:
-35.35533905932738 -35.35533905932738
-33 -33
-35 -13
-18 -27
-18 -35
-8 -29
3 -17
-3 -14
-4 -4
-4 0
-5 2
5 7
21 -5
28 3
18 29
-1 34
-1 32
-12 25
-11 16
-18 19
-33 23
-41.01990833849934 28.589633084408632
#16
problem:
1   6
-5   28
6   -10
29   3
-4   -8
13   0
2   -5
-12   -1
2   -27
-17   -18
21   5
-5   23
13   17
-17   1
31   27
-33   35
-21   5
30   19
16   -24
-29   32
0   0
bestLength: 249.6673310199926
solution:
37.70407979431529 32.8390372402101
31 27
30 19
29 3
21 5
13 0
6 -10
16 -24
2 -27
-17 -18
-21 5
-17 1
-12 -1
-4 -8
2 -5
1 6
13 17
-5 23
-5 28
-29 32
-33 35
-34.300643434450116 36.37947030926528
#17
problem:
22   -19
19   -30
-10   -32
-10   2
-17   21
11   13
6   -8
-16   22
14   4
-11   30
-31   2
29   29
-29   22
-26   0
30   -13
-32   32
-27   9
35   -5
-22   -35
32   0
0   0
bestLength: 273.703603838177
solution:
-26.608577260917293 -42.33182746055024
-22 -35
-10 -32
19 -30
22 -19
30 -13
35 -5
32 0
29 29
11 13
14 4
6 -8
-10 2
-26 0
-31 2
-27 9
-17 21
-16 22
-11 30
-29 22
-32 32
-35.35533905932737 35.35533905932737
#18
problem:
-18   -35
6   -4
13   30
3   3
4   32
-14   18
32   -17
13   8
-33   7
31   -26
-17   6
8   8
15   -26
1   -31
-10   -2
28   23
22   8
2   -23
-13   -11
-30   18
0   0
bestLength: 272.3019771638072
solution:
-22.867400631038066 -44.46439011590735
-18 -35
-13 -11
-10 -2
-17 6
-33 7
-30 18
-14 18
4 32
13 30
28 23
22 8
13 8
8 8
3 3
6 -4
2 -23
1 -31
15 -26
32 -17
31 -26
38.30957715628963 -32.13061309882356
#19
problem:
21   29
9   24
19   12
2   6
31   -18
-29   2
0   2
-22   16
0   14
-18   -14
4   17
-23   -19
24   30
16   19
-13   -27
1   31
28   -27
-9   -30
12   23
17   -24
0   0
bestLength: 238.71010239283277
solution:
43.239447330504476 -25.10677586932518
31 -18
28 -27
17 -24
-9 -30
-13 -27
-23 -19
-18 -14
-29 2
-22 16
0 2
2 6
0 14
4 17
1 31
9 24
12 23
16 19
19 12
21 29
24 30
31.234752377721215 39.04344047215152